0.0000 0.0169 0.0529 0.1089 0.1444 0.1444 0.1444 0.1567 0.1722 0.2069 
0.0169 0.0000 0.0100 0.0400 0.0625 0.0625 0.0625 0.0748 0.0903 0.1250 
0.0529 0.0100 0.0000 0.0100 0.0225 0.0225 0.0225 0.0348 0.0503 0.0850 
0.1089 0.0400 0.0100 0.0000 0.0025 0.0025 0.0025 0.0148 0.0303 0.0650 
0.1444 0.0625 0.0225 0.0025 0.0000 0.0025 0.0100 0.0123 0.0278 0.0625 
0.1444 0.0625 0.0225 0.0025 0.0025 0.3000 0.0025 0.0123 0.0278 0.0625 
0.1444 0.0625 0.0225 0.0025 0.0100 0.0025 0.3000 0.0123 0.0278 0.0625 
0.1567 0.0748 0.0348 0.0148 0.0123 0.0123 0.0123 0.3000 0.3000 0.3000 
0.1722 0.0903 0.0503 0.0303 0.0278 0.0278 0.0278 0.3000 0.3000 0.3000 
0.2069 0.1250 0.0850 0.0650 0.0625 0.0625 0.0625 0.3000 0.3000 0.3000 
